0,0,0,0,0,0,0,0,0,0,0,0,0,0,0,0,0,0,0
0,0,0,0,0,0,0,0,0,0,5.4704e-08,1.1658e-07,1.5619e-07,0,0,0,0,0,0
0,0,0,0,0,0,0,0,0,3.6089e-07,2.9473e-06,2.9429e-06,1.1038e-08,5.3823e-07,0,0,0,0,0
0,0,0,0,0,0,0,0,2.6688e-07,0.00017141,5.7483e-07,0.0067235,0.027142,2.5002e-06,0,0,0,0,0
0,0,0,0,0,0,0,1.3235e-06,1.0335e-05,0.00073278,0.00021079,0.07353,0.050556,3.5975e-05,0,0,0,0,0
0,0,0,0,0,0,0,4.5052e-06,0.00038488,0.0089977,0.017472,0.0020776,4.905e-05,6.9153e-06,0,0,0,0,0
0,0,0,0,0,0,6.6719e-08,5.0022e-06,0.0029833,0.022749,0.014143,0.0024446,1.9727e-06,8.9188e-09,0,0,0,0,0
0,0,0,0,0,0,6.5514e-09,7.5256e-07,0.012338,0.025052,0.0016043,0.0020845,5.3329e-05,2.5798e-07,0,0,0,0,0
0,0,0,0,0,0,8.3473e-09,1.2327e-05,0.0068354,0.025765,0.0059253,0.039734,0.020553,3.4323e-06,0,0,0,0,0
0,0,0,0,0,0,1.1584e-06,2.4804e-05,0.02691,0.022475,0.0020557,0.07401,0.039043,3.2868e-05,0,0,0,0,0
0,0,0,0,0,0,1.2899e-05,0.0016685,0.11181,0.0091315,0.0057524,0.03169,6.1734e-05,3.2305e-07,0,0,0,0,0
0,0,0,0,0,0,3.1215e-05,0.0050717,0.040141,0.0077612,0.032953,0.0085618,3.4942e-06,0,0,0,0,0,0
0,0,0,0,0,1.1523e-07,1.7057e-05,0.0028991,0.0003121,0.0047851,0.017282,0.00081571,7.8898e-07,0,0,0,0,0,0
0,0,0,0,0,1.0213e-06,9.3848e-05,0.00015349,0.030719,0.0035983,0.0002516,4.793e-08,0,0,0,0,0,0,0
0,0,0,0,0,4.8136e-06,5.8887e-05,0.040374,0.0057854,6.8362e-05,2.5789e-05,0,0,0,0,0,0,0,0
0,0,0,0,0,8.7782e-06,0.0062018,0.096696,0.00019679,3.9918e-06,0,0,0,0,0,0,0,0,0
0,0,0,0,0,5.427e-06,1.7485e-05,4.2431e-06,3.2315e-09,0,0,0,0,0,0,0,0,0,0
0,0,0,0,0,4.9018e-08,3.9933e-06,6.2447e-07,7.5495e-07,0,0,0,0,0,0,0,0,0,0
0,0,0,0,0,0,0,0,0,0,0,0,0,0,0,0,0,0,0
